0.0784164
0.0575437
0.0516473
0.0449696
0.075683
0.0742386
0.0756037
0.0549829
0.0703274
0.0889689
0.0794808
0.108566
0.0496445
0.0731448
0.0671533
0.0728719
0.0752983
0.0994146
0.0908041
0.0645447
0.0853332
0.0884945
0.0980148
0.0358794
0.0598217
0.0849804
0.0467661
0.0544863
0.0615728
0.0918679
0.0603909
0.0858871
0.090279
0.0852995
0.0589929
0.0701665
0.0706301
0.0902004
0.0970551
0.110074
0.0805113
0.0839624
0.109289
0.099448
0.0936786
0.0768494
0.0622968
0.0442575
0.0814563
0.0828059
0.0819196
0.0642242
0.0581649
0.0875598
0.0775296
0.0613094
0.100922
0.0584799
0.0643132
0.0976697
0.0666764
0.0561715
0.0630067
0.0708974
0.0521672
0.0719227
0.084534
0.0538883
0.0592559
0.0675037
0.0817841
0.0304095
0.0855401
0.109908
0.0751759
0.0705052
0.0530082
0.0547431
0.0553671
0.0545102
0.116253
0.0644797
0.111495
0.0555482
0.079433
0.103877
0.0771963
0.0688619
0.087702
0.107549
0.0833521
0.0683259
0.0668221
0.0909531
0.0785544
0.0788612
0.0752688
0.0847685
0.0700738
0.0364691
0.0955554
0.0744211
0.0704666
0.0669392
0.0694023
0.0696897
0.0673382
0.0780383
0.0686967
0.103564
0.0548165
0.0788806
0.0877752
0.0580453
0.0888229
0.0633824
0.084217
0.0879629
0.0652306
0.0629603
0.075407
0.0672028
0.0951457
0.0704052
0.0641004
0.0971431
0.0840672
0.111131
0.0593283
0.068612
0.0579719
0.0928799
0.0665763
0.0768369
0.072978
0.100303
0.0901915
0.072442
0.0995922
0.0763204
0.0836989
0.0812261
0.0485532
0.062248
0.0671101
0.0769208
0.0804991
0.081036
0.0595482
0.0591752
0.0848588
0.0674416
0.105326
0.0917895
0.0830712
0.0667566
0.101684
0.0714755
0.0725564
0.0950513
0.0697966
0.0722298
0.087266
0.0964288
0.109106
0.0711257
0.0687471
0.0932352
0.0806001
0.0825416
0.049068
0.0851007
0.0664468
0.0666775
0.086749
0.0711714
0.0597236
0.0808731
0.0972224
0.0882543
0.0569614
0.064696
0.0749234
0.0599628
0.0806846
0.0619282
0.0652268
0.0664636
0.0817969
0.0664096
0.0891324
0.0703881
0.0840813
0.057159
0.0651482
0.0189534
0.0699677
0.0797326
0.0897238
0.0687074
0.0511583
0.0793246
0.0963695
0.0492911
0.0595159
0.082275
0.0748661
0.0709028
0.0888431
0.0832583
0.0841268
0.0470924
0.0593271
0.0345338
0.0722266
0.0811922
0.0474025
0.0728243
0.0755039
0.0606807
0.0687033
0.0637886
0.073743
0.0400736
0.0706987
0.0656947
0.087369
0.0848695
0.0780102
0.0695931
0.0784567
0.0924611
0.0597534
0.0997491
0.0791961
0.0584183
0.0539035
0.0583632
0.0648204
0.0681956
0.0743321
0.0549513
0.0827947
0.0903473
0.111603
0.0945937
0.0668765
0.0486901
0.0505108
0.089085
0.0487208
0.0908323
0.102679
0.0714733
0.0836764
0.0844063
0.0373685
0.0929883
0.108139
0.0775061
0.0848093
0.073719
0.073885
0.0652739
0.080332
0.0701388
0.0835172
0.0943259
0.108791
0.0670616
0.0849531
0.0736755
0.0817084
0.0619039
0.0597217
0.0867156
0.0742556
0.0538863
0.0763783
0.070728
0.0570084
0.0780817
0.0597593
0.0542295
0.0648233
0.0418426
0.066883
0.0704362
0.0800616
0.0577288
0.0563025
0.0859288
0.0552056
0.0819813
0.0617456
0.0858308
0.0639851
0.0960012
0.08231
0.0813332
0.0529454
0.0571639
0.0757618
0.0645555
0.0934126
0.052175
0.0918787
0.0785755
0.0520114
0.0555189
0.0765599
0.100058
0.0699213
0.0567964
0.0788463
0.0980232
0.0800624
0.0858061
0.0652493
0.0876572
0.0824968
0.0676684
0.0916817
0.0885306
0.058789
0.0843263
0.0811659
0.107234
0.108407
0.092068
0.0801446
0.0698175
0.0655607
0.0885475
0.105608
0.0558514
0.0578029
0.0751512
0.0834582
0.0585994
0.0818113
0.103893
0.0944021
0.0887274
0.033512
0.0783829
0.0662947
0.0735792
0.0788222
0.0904372
0.0695529
0.101629
0.0547152
0.0644162
0.0953591
0.0737326
0.0553863
0.0985969
0.0563445
0.075214
0.0812074
0.120521
0.0905074
0.0996031
0.088212
0.0518113
0.0738906
0.0477166
0.0668628
0.101108
0.0673848
0.0947434
0.105491
0.0672834
0.0843826
0.0590861
0.0586178
0.0988843
0.091565
0.0866992
0.0567136
0.0795129
0.090285
0.0665497
0.0582734
0.0710852
0.0542554
0.0757636
0.0431133
0.0836113
0.103614
0.085898
0.0807618
0.0899357
0.0759457
0.0723739
0.101991
0.0474665
0.0779698
0.0807952
0.0645767
0.080817
0.0689891
0.0646129
0.0821447
0.0768523
0.0888611
0.0969469
0.0602029
0.0514036
0.0600554
0.0955337
0.103491
0.0958224
0.0701265
0.0573976
0.0822039
0.0769139
0.0941119
0.049308
0.0428562
0.0727406
0.065129
0.0725702
0.0926639
0.0735105
0.0898589
0.055932
0.0590389
0.0693754
0.0578833
0.0787659
0.0792059
0.0899164
0.0866395
0.0491736
0.0876635
0.0789045
0.0634291
0.0572493
0.090091
0.0661465
0.0498473
0.0914161
0.0729139
0.0786598
0.0565003
0.0655029
0.106233
0.0494668
0.060755
0.0841799
0.0709634
0.0493048
0.0665087
0.0612278
0.112143
0.110142
0.0968388
0.0766769
0.0812497
0.0541491
0.121458
0.0791475
0.063253
0.082734
0.0576074
0.0921115
0.118024
0.0587243
0.023717
0.0515458
0.102908
0.0554959
0.0806693
0.0708487
0.0452462
0.0901801
0.0561927
0.0841481
0.101326
0.0677847
0.0696605
0.0979249
0.104484
0.0375718
0.080922
0.108436
0.0750677
0.0698972
0.0631675
0.0800257
0.0750583
0.0748128
0.0665083
0.0748023
0.0560756
0.0599634
0.0654172
0.11437
0.0660044
0.0524799
0.0783799
0.0869329
0.104762
0.0480125
0.0795277
0.0811178
0.0703867
0.0494086
0.0942657
0.0785349
0.0596576
0.0993868
0.0931359
0.0729047
0.0712369
0.0313938
0.0555454
0.040533
0.0772854
0.0756763
0.0680758
0.101271
0.0696206
0.0695964
0.0807909
0.0819987
0.0874615
0.0927311
0.0690174
0.0996949
0.0605143
0.0697771
0.0617799
0.093136
0.0680296
0.0705645
0.0561827
0.0520745
0.0474961
0.100543
0.0990753
0.0922412
0.0666869
0.0705021
0.0917811
0.0801648
0.0672203
0.0658857
0.0933768
0.089873
0.103826
0.0854442
0.0845818
0.0759488
0.0872954
0.0573969
0.0819465
0.0679603
0.0868896
0.0362304
0.07403
0.0537271
0.0781525
0.0744224
0.075473
0.087029
0.0876634
0.0991204
0.0589295
0.0873205
0.0737245
0.0432229
0.0612915
0.058989
0.0546747
0.0859438
0.0625449
0.0786926
0.0810888
0.065672
0.0886607
0.0880207
0.0738686
0.0455842
0.0647057
0.0747716
0.0996782
0.0720703
0.0629381
0.0828928
0.0530647
0.0705418
0.0666517
0.0623883
0.0827382
0.0679963
0.0697217
0.0804475
0.102324
0.0990203
0.0567932
0.0628005
0.0840608
0.0594607
0.0679238
0.0708702
0.0635373
0.0833186
0.0678854
0.0697385
0.0989319
0.0992324
0.1024
0.070456
0.0791024
0.060424
0.0782619
0.0606305
0.0793686
0.0634746
0.0777372
0.0905113
0.0809112
0.0887176
0.0785547
0.0872071
0.0722961
0.0766359
0.0386253
0.0670654
0.0497009
0.107186
0.043305
0.0519922
0.0757178
0.0793802
0.0300672
0.0827341
0.0760612
0.0829761
0.0727084
0.0799182
0.0871408
0.0881428
0.0729535
0.100029
0.0477988
0.0741336
0.0506892
0.106773
0.0768525
0.0717732
0.0768033
0.0783288
0.0685649
0.0840786
0.0535791
0.127627
0.093843
0.077813
0.0518206
0.0709172
0.0364848
0.0829976
0.0581853
0.0933342
0.0740579
0.0451953
0.0724976
0.0790805
0.0770688
0.0740563
0.0704293
0.0646641
0.0257077
0.0665521
0.109812
0.065774
0.0881748
0.0839035
0.107725
0.0886505
0.0912739
0.0762874
0.0924205
0.0975352
0.0491985
0.104782
0.0623327
0.0962179
0.0685132
0.0805645
0.0668408
0.083829
0.0613919
0.0985509
0.068652
0.0841466
0.100966
0.0432367
0.064042
0.0922348
0.0730467
0.0638026
0.0865148
0.0927449
0.0774435
0.0765917
0.0709238
0.0353134
0.0940029
0.0923718
0.0639625
0.0619596
0.0387582
0.0822367
0.105435
0.0576243
0.0996518
0.0784155
0.0824068
0.0772744
0.0499728
0.0600022
0.0625632
0.0843458
0.0509088
0.0922375
0.068132
0.112889
0.0843393
0.0585296
0.0962644
0.0607125
0.0764763
0.0669189
0.06685
0.0628152
0.0751506
0.0844344
0.0812691
0.019133
0.066565
0.0805011
0.0301728
0.0594117
0.0696998
0.0630909
0.0699938
0.044456
0.0754083
0.0678061
0.0921556
0.0590153
0.0914059
0.0855219
0.0847795
0.0933725
0.105763
0.0763858
0.109177
0.0684297
0.0935214
0.0932041
0.0701545
0.0764714
0.0474343
0.0660801
0.0593737
0.0533176
0.0540421
0.052172
0.0949196
0.0628908
0.0997579
0.0761423
0.1129
0.072837
0.0782468
0.0421782
0.0995931
0.0900164
0.0625668
0.0944316
0.0835476
0.050994
0.0806936
0.0844906
0.0805228
0.0495364
0.103765
0.0667593
0.052305
0.0520224
0.0723215
0.0707473
0.0681335
0.0769741
0.0577797
0.0797777
0.0811181
0.0943818
0.0782105
0.0522086
0.119554
0.0349849
0.0513214
0.0757904
0.0739924
0.0807784
0.0442427
0.0820349
0.0423112
0.0630944
0.0792446
0.0729182
0.0761622
0.084217
0.0813955
0.0810081
0.0809398
0.0835437
0.0605223
0.0616624
0.129452
0.0641642
0.082116
0.0787016
0.0692573
0.0596828
0.0933377
0.0805781
0.11058
0.077934
0.0880098
0.0613479
0.0543049
0.0729231
0.0741919
0.0641208
0.0720759
0.0772757
0.0917958
0.0739438
0.0902916
0.0964533
0.078391
0.0668865
0.0869303
0.0479632
0.112113
0.0974482
0.108137
0.0669192
0.046372
0.0729965
0.084833
0.0637201
0.077692
0.074798
0.0718124
0.0874893
0.0803613
0.107899
0.0757157
0.0955105
0.082307
0.0576731
0.0868467
0.0788644
0.0778128
0.0811133
0.104254
0.0784831
0.0851685
0.0807122
0.0652862
0.0595716
0.0638366
0.0710747
0.0364754
0.0671946
0.0612818
0.0464128
0.0953325
0.0744867
0.0675069
0.0714491
0.0921621
0.0792142
0.0781985
0.0777548
0.0624057
0.0726244
0.0532865
0.0806174
0.0862507
0.0751701
0.121461
0.0456411
0.0828841
0.0662216
0.0749792
0.023718
0.045801
0.0487259
0.0814333
0.0766159
0.0862755
0.0197332
0.0968121
0.0531481
0.090867
0.100311
0.0768337
0.079628
0.0887961
0.042984
0.106553
0.0874338
0.0723548
0.0880893
0.0860458
0.0740806
0.0918281
0.0774733
0.116813
0.0571408
0.0598321
0.0666516
0.0567721
0.0679011
0.0599942
0.0442876
0.122223
0.0821156
0.0343467
0.0917539
0.0958669
0.0819039
0.0519916
0.0788205
0.0686151
0.0779296
0.0675337
0.0381234
0.076965
0.0942792
0.0809797
0.0644329
0.0785077
0.0552803
0.0737177
0.060221
0.0954356
0.0774477
0.0717063
0.086541
0.0892082
0.0783764
0.0939401
0.0856634
0.0772162
0.0690862
0.0796625
0.111908
0.106818
0.0805284
0.034756
0.00837042
0.0767411
0.0647016
0.0753407
0.0841399
0.0650736
0.063515
0.0804985
0.0981077
0.0971213
0.0854885
0.0663975
0.0819846
0.0957043
0.083269
0.0572169
0.0415733
0.0704573
0.0816879
0.0915357
0.0812021
0.06922
0.0796727
0.0962941
0.0666109
0.0630295
0.0713606
0.0753281
0.0915201
